x        Q2      f(x,Q2) 
0.000010 1.000000 11.728084 
0.000020 1.000000 9.828629 
0.000030 1.000000 8.860135 
0.000040 1.000000 8.229357 
0.000050 1.000000 7.769723 
0.000060 1.000000 7.412192 
0.000070 1.000000 7.121895 
0.000080 1.000000 6.878919 
0.000090 1.000000 6.670893 
0.000100 1.000000 6.489638 
0.000200 1.000000 5.401514 
0.000300 1.000000 4.840037 
0.000400 1.000000 4.471221 
0.000500 1.000000 4.200716 
0.000600 1.000000 3.989195 
0.000700 1.000000 3.816696 
0.000800 1.000000 3.671769 
0.000900 1.000000 3.547274 
0.001000 1.000000 3.438472 
0.002000 1.000000 2.777781 
0.003000 1.000000 2.430251 
0.004000 1.000000 2.198505 
0.005000 1.000000 2.026369 
0.006000 1.000000 1.890309 
0.007000 1.000000 1.778320 
0.008000 1.000000 1.683483 
0.009000 1.000000 1.601457 
0.010000 1.000000 1.529348 
0.020000 1.000000 1.083712 
0.030000 1.000000 0.845603 
0.040000 1.000000 0.686551 
0.050000 1.000000 0.568755 
0.060000 1.000000 0.476126 
0.070000 1.000000 0.400402 
0.080000 1.000000 0.336811 
0.090000 1.000000 0.282364 
0.100000 1.000000 0.235072 
0.200000 1.000000 -0.030068 
0.300000 1.000000 -0.123932 
0.400000 1.000000 -0.145693 
0.500000 1.000000 -0.131642 
0.600000 1.000000 -0.100955 
0.700000 1.000000 -0.065461 
0.800000 1.000000 -0.033066 
0.900000 1.000000 -0.009318 
0.999900 1.000000 0.001767 
0.000010 2.000000 12.786701 
0.000020 2.000000 10.599899 
0.000030 2.000000 9.488459 
0.000040 2.000000 8.766048 
0.000050 2.000000 8.240484 
0.000060 2.000000 7.832235 
0.000070 2.000000 7.501174 
0.000080 2.000000 7.224404 
0.000090 2.000000 6.987706 
0.000100 2.000000 6.781685 
0.000200 2.000000 5.550188 
0.000300 2.000000 4.919328 
0.000400 2.000000 4.507096 
0.000500 2.000000 4.205976 
0.000600 2.000000 3.971302 
0.000700 2.000000 3.780468 
0.000800 2.000000 3.620540 
0.000900 2.000000 3.483471 
0.001000 2.000000 3.363930 
0.002000 2.000000 2.644047 
0.003000 2.000000 2.270918 
0.004000 2.000000 2.025115 
0.005000 2.000000 1.844477 
0.006000 2.000000 1.703045 
0.007000 2.000000 1.587622 
0.008000 2.000000 1.490624 
0.009000 2.000000 1.407314 
0.010000 2.000000 1.334541 
0.020000 2.000000 0.895315 
0.030000 2.000000 0.668871 
0.040000 2.000000 0.521441 
0.050000 2.000000 0.414675 
0.060000 2.000000 0.332489 
0.070000 2.000000 0.266696 
0.080000 2.000000 0.212588 
0.090000 2.000000 0.167224 
0.100000 2.000000 0.128644 
0.200000 2.000000 -0.066538 
0.300000 2.000000 -0.116589 
0.400000 2.000000 -0.114620 
0.500000 2.000000 -0.091486 
0.600000 2.000000 -0.061855 
0.700000 2.000000 -0.033927 
0.800000 2.000000 -0.012715 
0.900000 2.000000 -0.001447 
0.999900 2.000000 -0.002260 
0.000010 3.000000 13.754583 
0.000020 3.000000 11.322021 
0.000030 3.000000 10.088577 
0.000040 3.000000 9.288221 
0.000050 3.000000 8.706767 
0.000060 3.000000 8.255657 
0.000070 3.000000 7.890242 
0.000080 3.000000 7.585059 
0.000090 3.000000 7.324304 
0.000100 3.000000 7.097539 
0.000200 3.000000 5.746530 
0.000300 3.000000 5.058071 
0.000400 3.000000 4.609827 
0.000500 3.000000 4.283325 
0.000600 3.000000 4.029468 
0.000700 3.000000 3.823456 
0.000800 3.000000 3.651125 
0.000900 3.000000 3.503672 
0.001000 3.000000 3.375276 
0.002000 3.000000 2.606867 
0.003000 3.000000 2.212862 
0.004000 3.000000 1.955493 
0.005000 3.000000 1.767694 
0.006000 3.000000 1.621556 
0.007000 3.000000 1.502937 
0.008000 3.000000 1.403735 
0.009000 3.000000 1.318903 
0.010000 3.000000 1.245095 
0.020000 3.000000 0.806208 
0.030000 3.000000 0.585210 
0.040000 3.000000 0.443861 
0.050000 3.000000 0.343097 
0.060000 3.000000 0.266677 
0.070000 3.000000 0.206377 
0.080000 3.000000 0.157486 
0.090000 3.000000 0.117071 
0.100000 3.000000 0.083182 
0.200000 3.000000 -0.077073 
0.300000 3.000000 -0.108514 
0.400000 3.000000 -0.098512 
0.500000 3.000000 -0.073991 
0.600000 3.000000 -0.046858 
0.700000 3.000000 -0.023322 
0.800000 3.000000 -0.006927 
0.900000 3.000000 0.000199 
0.999900 3.000000 -0.003237 
0.000010 4.000000 14.566904 
0.000020 4.000000 11.928205 
0.000030 4.000000 10.593071 
0.000040 4.000000 9.727979 
0.000050 4.000000 9.100207 
0.000060 4.000000 8.613625 
0.000070 4.000000 8.219804 
0.000080 4.000000 7.891141 
0.000090 4.000000 7.610515 
0.000100 4.000000 7.366622 
0.000200 4.000000 5.917078 
0.000300 4.000000 5.181322 
0.000400 4.000000 4.703658 
0.000500 4.000000 4.356532 
0.000600 4.000000 4.087172 
0.000700 4.000000 3.868957 
0.000800 4.000000 3.686701 
0.000900 4.000000 3.530976 
0.001000 4.000000 3.395553 
0.002000 4.000000 2.589176 
0.003000 4.000000 2.179133 
0.004000 4.000000 1.912945 
0.005000 4.000000 1.719699 
0.006000 4.000000 1.569983 
0.007000 4.000000 1.448931 
0.008000 4.000000 1.348047 
0.009000 4.000000 1.262050 
0.010000 4.000000 1.187448 
0.020000 4.000000 0.748760 
0.030000 4.000000 0.531846 
0.040000 4.000000 0.395006 
0.050000 4.000000 0.298618 
0.060000 4.000000 0.226323 
0.070000 4.000000 0.169881 
0.080000 4.000000 0.124594 
0.090000 4.000000 0.087542 
0.100000 4.000000 0.056796 
0.200000 4.000000 -0.081392 
0.300000 4.000000 -0.102175 
0.400000 4.000000 -0.088212 
0.500000 4.000000 -0.063661 
0.600000 4.000000 -0.038600 
0.700000 4.000000 -0.017965 
0.800000 4.000000 -0.004377 
0.900000 4.000000 0.000722 
0.999900 4.000000 -0.003448 
0.000010 5.000000 15.252887 
0.000020 5.000000 12.438216 
0.000030 5.000000 11.016647 
0.000040 5.000000 10.096690 
0.000050 5.000000 9.429745 
0.000060 5.000000 8.913214 
0.000070 5.000000 8.495442 
0.000080 5.000000 8.147006 
0.000090 5.000000 7.849663 
0.000100 5.000000 7.591374 
0.000200 5.000000 6.059304 
0.000300 5.000000 5.284175 
0.000400 5.000000 4.782144 
0.000500 5.000000 4.418015 
0.000600 5.000000 4.135926 
0.000700 5.000000 3.907729 
0.000800 5.000000 3.717384 
0.000900 5.000000 3.554940 
0.001000 5.000000 3.413828 
0.002000 5.000000 2.577065 
0.003000 5.000000 2.154437 
0.004000 5.000000 1.881428 
0.005000 5.000000 1.684025 
0.006000 5.000000 1.531614 
0.007000 5.000000 1.408756 
0.008000 5.000000 1.306648 
0.009000 5.000000 1.219825 
0.010000 5.000000 1.144680 
0.020000 5.000000 0.706692 
0.030000 5.000000 0.493275 
0.040000 5.000000 0.360128 
0.050000 5.000000 0.267236 
0.060000 5.000000 0.198176 
0.070000 5.000000 0.144710 
0.080000 5.000000 0.102163 
0.090000 5.000000 0.067637 
0.100000 5.000000 0.039222 
0.200000 5.000000 -0.083320 
0.300000 5.000000 -0.097116 
0.400000 5.000000 -0.080881 
0.500000 5.000000 -0.056679 
0.600000 5.000000 -0.033274 
0.700000 5.000000 -0.014715 
0.800000 5.000000 -0.002992 
0.900000 5.000000 0.000913 
0.999900 5.000000 -0.003435 
0.000010 6.000000 15.841736 
0.000020 6.000000 12.874025 
0.000030 6.000000 11.377506 
0.000040 6.000000 10.410087 
0.000050 6.000000 9.709325 
0.000060 6.000000 9.166986 
0.000070 6.000000 8.728608 
0.000080 6.000000 8.363186 
0.000090 6.000000 8.051500 
0.000100 6.000000 7.780875 
0.000200 6.000000 6.178398 
0.000300 6.000000 5.369906 
0.000400 6.000000 4.847322 
0.000500 6.000000 4.468903 
0.000600 6.000000 4.176151 
0.000700 6.000000 3.939616 
0.000800 6.000000 3.742532 
0.000900 6.000000 3.574503 
0.001000 6.000000 3.428673 
0.002000 6.000000 2.566956 
0.003000 6.000000 2.134189 
0.004000 6.000000 1.855779 
0.005000 6.000000 1.655142 
0.006000 6.000000 1.500675 
0.007000 6.000000 1.376473 
0.008000 6.000000 1.273480 
0.009000 6.000000 1.186084 
0.010000 6.000000 1.110587 
0.020000 6.000000 0.673734 
0.030000 6.000000 0.463431 
0.040000 6.000000 0.333429 
0.050000 6.000000 0.243452 
0.060000 6.000000 0.177046 
0.070000 6.000000 0.125994 
0.080000 6.000000 0.085643 
0.090000 6.000000 0.053123 
0.100000 6.000000 0.026543 
0.200000 6.000000 -0.084116 
0.300000 6.000000 -0.092962 
0.400000 6.000000 -0.075322 
0.500000 6.000000 -0.051585 
0.600000 6.000000 -0.029519 
0.700000 6.000000 -0.012521 
0.800000 6.000000 -0.002131 
0.900000 6.000000 0.000988 
0.999900 6.000000 -0.003362 
0.000010 7.000000 16.355212 
0.000020 7.000000 13.252316 
0.000030 7.000000 11.689751 
0.000040 7.000000 10.680595 
0.000050 7.000000 9.950149 
0.000060 7.000000 9.385195 
0.000070 7.000000 8.928790 
0.000080 7.000000 8.548527 
0.000090 7.000000 8.224328 
0.000100 7.000000 7.942952 
0.000200 7.000000 6.279384 
0.000300 7.000000 5.442134 
0.000400 7.000000 4.901908 
0.000500 7.000000 4.511262 
0.000600 7.000000 4.209410 
0.000700 7.000000 3.965777 
0.000800 7.000000 3.762968 
0.000900 7.000000 3.590205 
0.001000 7.000000 3.440383 
0.002000 7.000000 2.557732 
0.003000 7.000000 2.116613 
0.004000 7.000000 1.833833 
0.005000 7.000000 1.630631 
0.006000 7.000000 1.474571 
0.007000 7.000000 1.349356 
0.008000 7.000000 1.245722 
0.009000 7.000000 1.157935 
0.010000 7.000000 1.082223 
0.020000 7.000000 0.646799 
0.030000 7.000000 0.439318 
0.040000 7.000000 0.312058 
0.050000 7.000000 0.224574 
0.060000 7.000000 0.160411 
0.070000 7.000000 0.111379 
0.080000 7.000000 0.072852 
0.090000 7.000000 0.041983 
0.100000 7.000000 0.016904 
0.200000 7.000000 -0.084318 
0.300000 7.000000 -0.089469 
0.400000 7.000000 -0.070920 
0.500000 7.000000 -0.047675 
0.600000 7.000000 -0.026713 
0.700000 7.000000 -0.010933 
0.800000 7.000000 -0.001545 
0.900000 7.000000 0.001019 
0.999900 7.000000 -0.003279 
0.000010 8.000000 16.809054 
0.000020 8.000000 13.585217 
0.000030 8.000000 11.963695 
0.000040 8.000000 10.917350 
0.000050 8.000000 10.160502 
0.000060 8.000000 9.575463 
0.000070 8.000000 9.103069 
0.000080 8.000000 8.709661 
0.000090 8.000000 8.374390 
0.000100 8.000000 8.083513 
0.000200 8.000000 6.366168 
0.000300 8.000000 5.503755 
0.000400 8.000000 4.948151 
0.000500 8.000000 4.546879 
0.000600 8.000000 4.237138 
0.000700 8.000000 3.987365 
0.000800 8.000000 3.779613 
0.000900 8.000000 3.602771 
0.001000 8.000000 3.449517 
0.002000 8.000000 2.549002 
0.003000 8.000000 2.100878 
0.004000 8.000000 1.814499 
0.005000 8.000000 1.609226 
0.006000 8.000000 1.451911 
0.007000 8.000000 1.325925 
0.008000 8.000000 1.221825 
0.009000 8.000000 1.133779 
0.010000 8.000000 1.057947 
0.020000 8.000000 0.624134 
0.030000 8.000000 0.419236 
0.040000 8.000000 0.294406 
0.050000 8.000000 0.209098 
0.060000 8.000000 0.146872 
0.070000 8.000000 0.099568 
0.080000 8.000000 0.062592 
0.090000 8.000000 0.033118 
0.100000 8.000000 0.009300 
0.200000 8.000000 -0.084189 
0.300000 8.000000 -0.086475 
0.400000 8.000000 -0.067322 
0.500000 8.000000 -0.044560 
0.600000 8.000000 -0.024525 
0.700000 8.000000 -0.009725 
0.800000 8.000000 -0.001120 
0.900000 8.000000 0.001030 
0.999900 8.000000 -0.003200 
0.000010 9.000000 17.214779 
0.000020 9.000000 13.881605 
0.000030 9.000000 12.206898 
0.000040 9.000000 11.127064 
0.000050 9.000000 10.346474 
0.000060 9.000000 9.743400 
0.000070 9.000000 9.256666 
0.000080 9.000000 8.851481 
0.000090 9.000000 8.506302 
0.000100 9.000000 8.206930 
0.000200 9.000000 6.441670 
0.000300 9.000000 5.556956 
0.000400 9.000000 4.987774 
0.000500 9.000000 4.577145 
0.000600 9.000000 4.260474 
0.000700 9.000000 4.005318 
0.000800 9.000000 3.793242 
0.000900 9.000000 3.612837 
0.001000 9.000000 3.456591 
0.002000 9.000000 2.540618 
0.003000 9.000000 2.086532 
0.004000 9.000000 1.797142 
0.005000 9.000000 1.590173 
0.006000 9.000000 1.431857 
0.007000 9.000000 1.305278 
0.008000 9.000000 1.200842 
0.009000 9.000000 1.112629 
0.010000 9.000000 1.036747 
0.020000 9.000000 0.604647 
0.030000 9.000000 0.402131 
0.040000 9.000000 0.279484 
0.050000 9.000000 0.196102 
0.060000 9.000000 0.135575 
0.070000 9.000000 0.089778 
0.080000 9.000000 0.054143 
0.090000 9.000000 0.025871 
0.100000 9.000000 0.003133 
0.200000 9.000000 -0.083871 
0.300000 9.000000 -0.083871 
0.400000 9.000000 -0.064308 
0.500000 9.000000 -0.042006 
0.600000 9.000000 -0.022764 
0.700000 9.000000 -0.008774 
0.800000 9.000000 -0.000798 
0.900000 9.000000 0.001031 
0.999900 9.000000 -0.003128 
0.000010 10.000000 17.580985 
0.000020 10.000000 14.148102 
0.000030 10.000000 12.424994 
0.000040 10.000000 11.314733 
0.000050 10.000000 10.512603 
0.000060 10.000000 9.893184 
0.000070 10.000000 9.393469 
0.000080 10.000000 8.977634 
0.000090 10.000000 8.623502 
0.000100 10.000000 8.316461 
0.000200 10.000000 6.508071 
0.000300 10.000000 5.603382 
0.000400 10.000000 5.022077 
0.000500 10.000000 4.603118 
0.000600 10.000000 4.280290 
0.000700 10.000000 4.020362 
0.000800 10.000000 3.804460 
0.000900 10.000000 3.620909 
0.001000 10.000000 3.462023 
0.002000 10.000000 2.532520 
0.003000 10.000000 2.073297 
0.004000 10.000000 1.781358 
0.005000 10.000000 1.572981 
0.006000 10.000000 1.413858 
0.007000 10.000000 1.286820 
0.008000 10.000000 1.182144 
0.009000 10.000000 1.093833 
0.010000 10.000000 1.017949 
0.020000 10.000000 0.587612 
0.030000 10.000000 0.387306 
0.040000 10.000000 0.266638 
0.050000 10.000000 0.184983 
0.060000 10.000000 0.125966 
0.070000 10.000000 0.081499 
0.080000 10.000000 0.047042 
0.090000 10.000000 0.019820 
0.100000 10.000000 -0.001979 
0.200000 10.000000 -0.083445 
0.300000 10.000000 -0.081577 
0.400000 10.000000 -0.061735 
0.500000 10.000000 -0.039865 
0.600000 10.000000 -0.021312 
0.700000 10.000000 -0.008004 
0.800000 10.000000 -0.000547 
0.900000 10.000000 0.001026 
0.999900 10.000000 -0.003061 
0.000010 20.000000 20.014456 
0.000020 20.000000 15.892596 
0.000030 20.000000 13.838201 
0.000040 20.000000 12.521027 
0.000050 20.000000 11.573157 
0.000060 20.000000 10.843622 
0.000070 20.000000 10.256767 
0.000080 20.000000 9.769669 
0.000090 20.000000 9.355805 
0.000100 20.000000 8.997731 
0.000200 20.000000 6.905248 
0.000300 20.000000 5.871224 
0.000400 20.000000 5.212455 
0.000500 20.000000 4.740851 
0.000600 20.000000 4.379505 
0.000700 20.000000 4.089992 
0.000800 20.000000 3.850569 
0.000900 20.000000 3.647829 
0.001000 20.000000 3.472973 
0.002000 20.000000 2.464087 
0.003000 20.000000 1.976697 
0.004000 20.000000 1.671780 
0.005000 20.000000 1.456915 
0.006000 20.000000 1.294604 
0.007000 20.000000 1.166239 
0.008000 20.000000 1.061358 
0.009000 20.000000 0.973546 
0.010000 20.000000 0.898619 
0.020000 20.000000 0.484764 
0.030000 20.000000 0.300540 
0.040000 20.000000 0.193314 
0.050000 20.000000 0.122920 
0.060000 20.000000 0.073466 
0.070000 20.000000 0.037220 
0.080000 20.000000 0.009903 
0.090000 20.000000 -0.011070 
0.100000 20.000000 -0.027369 
0.200000 20.000000 -0.078367 
0.300000 20.000000 -0.067624 
0.400000 20.000000 -0.047370 
0.500000 20.000000 -0.028524 
0.600000 20.000000 -0.013998 
0.700000 20.000000 -0.004403 
0.800000 20.000000 0.000416 
0.900000 20.000000 0.000872 
0.999900 20.000000 -0.002543 
0.000010 30.000000 21.413195 
0.000020 30.000000 16.872875 
0.000030 30.000000 14.620194 
0.000040 30.000000 13.180380 
0.000050 30.000000 12.146759 
0.000060 30.000000 11.352816 
0.000070 30.000000 10.715246 
0.000080 30.000000 10.186855 
0.000090 30.000000 9.738517 
0.000100 30.000000 9.351094 
0.000200 30.000000 7.097468 
0.000300 30.000000 5.991875 
0.000400 30.000000 5.291097 
0.000500 30.000000 4.791451 
0.000600 30.000000 4.409926 
0.000700 30.000000 4.105152 
0.000800 30.000000 3.853771 
0.000900 30.000000 3.641412 
0.001000 30.000000 3.458658 
0.002000 30.000000 2.412662 
0.003000 30.000000 1.913758 
0.004000 30.000000 1.604400 
0.005000 30.000000 1.387934 
0.006000 30.000000 1.225381 
0.007000 30.000000 1.097491 
0.008000 30.000000 0.993481 
0.009000 30.000000 0.906766 
0.010000 30.000000 0.833063 
0.020000 30.000000 0.431960 
0.030000 30.000000 0.257927 
0.040000 30.000000 0.158616 
0.050000 30.000000 0.094537 
0.060000 30.000000 0.050244 
0.070000 30.000000 0.018294 
0.080000 30.000000 -0.005396 
0.090000 30.000000 -0.023277 
0.100000 30.000000 -0.036915 
0.200000 30.000000 -0.074414 
0.300000 30.000000 -0.060531 
0.400000 30.000000 -0.040704 
0.500000 30.000000 -0.023576 
0.600000 30.000000 -0.011029 
0.700000 30.000000 -0.003134 
0.800000 30.000000 0.000574 
0.900000 30.000000 0.000698 
0.999900 30.000000 -0.002155 
0.000010 40.000000 22.377369 
0.000020 40.000000 17.538173 
0.000030 40.000000 15.145177 
0.000040 40.000000 13.619132 
0.000050 40.000000 12.525519 
0.000060 40.000000 11.686704 
0.000070 40.000000 11.013930 
0.000080 40.000000 10.456967 
0.000090 40.000000 9.984844 
0.000100 40.000000 9.577229 
0.000200 40.000000 7.213858 
0.000300 40.000000 6.060388 
0.000400 40.000000 5.331901 
0.000500 40.000000 4.813988 
0.000600 40.000000 4.419463 
0.000700 40.000000 4.104963 
0.000800 40.000000 3.846039 
0.000900 40.000000 3.627673 
0.001000 40.000000 3.440034 
0.002000 40.000000 2.372062 
0.003000 40.000000 1.867143 
0.004000 40.000000 1.555950 
0.005000 40.000000 1.339241 
0.006000 40.000000 1.177161 
0.007000 40.000000 1.050091 
0.008000 40.000000 0.947073 
0.009000 40.000000 0.861434 
0.010000 40.000000 0.788839 
0.020000 40.000000 0.397742 
0.030000 40.000000 0.231028 
0.040000 40.000000 0.137191 
0.050000 40.000000 0.077370 
0.060000 40.000000 0.036490 
0.070000 40.000000 0.007332 
0.080000 40.000000 -0.014037 
0.090000 40.000000 -0.029964 
0.100000 40.000000 -0.041944 
0.200000 40.000000 -0.071438 
0.300000 40.000000 -0.055977 
0.400000 40.000000 -0.036622 
0.500000 40.000000 -0.020648 
0.600000 40.000000 -0.009343 
0.700000 40.000000 -0.002477 
0.800000 40.000000 0.000590 
0.900000 40.000000 0.000567 
0.999900 40.000000 -0.001873 
0.000010 50.000000 23.104380 
0.000020 50.000000 18.033824 
0.000030 50.000000 15.532911 
0.000040 50.000000 13.940855 
0.000050 50.000000 12.801497 
0.000060 50.000000 11.928580 
0.000070 50.000000 11.229132 
0.000080 50.000000 10.650579 
0.000090 50.000000 10.160528 
0.000100 50.000000 9.737727 
0.000200 50.000000 7.292546 
0.000300 50.000000 6.103916 
0.000400 50.000000 5.355306 
0.000500 50.000000 4.824249 
0.000600 50.000000 4.420453 
0.000700 50.000000 4.099071 
0.000800 50.000000 3.834852 
0.000900 50.000000 3.612300 
0.001000 50.000000 3.421284 
0.002000 50.000000 2.338664 
0.003000 50.000000 1.830216 
0.004000 50.000000 1.518286 
0.005000 50.000000 1.301850 
0.006000 50.000000 1.140466 
0.007000 50.000000 1.014279 
0.008000 50.000000 0.912220 
0.009000 50.000000 0.827562 
0.010000 50.000000 0.755943 
0.020000 50.000000 0.373014 
0.030000 50.000000 0.211937 
0.040000 50.000000 0.122210 
0.050000 50.000000 0.065536 
0.060000 50.000000 0.027145 
0.070000 50.000000 0.000005 
0.080000 50.000000 -0.019701 
0.090000 50.000000 -0.034240 
0.100000 50.000000 -0.045049 
0.200000 50.000000 -0.069083 
0.300000 50.000000 -0.052700 
0.400000 50.000000 -0.033790 
0.500000 50.000000 -0.018672 
0.600000 50.000000 -0.008240 
0.700000 50.000000 -0.002069 
0.800000 50.000000 0.000582 
0.900000 50.000000 0.000478 
0.999900 50.000000 -0.001674 
0.000010 60.000000 23.682975 
0.000020 60.000000 18.424404 
0.000030 60.000000 15.836229 
0.000040 60.000000 14.190996 
0.000050 60.000000 13.014902 
0.000060 60.000000 12.114677 
0.000070 60.000000 11.393922 
0.000080 60.000000 10.798163 
0.000090 60.000000 10.293857 
0.000100 60.000000 9.859005 
0.000200 60.000000 7.349388 
0.000300 60.000000 6.133419 
0.000400 60.000000 5.369308 
0.000500 60.000000 4.828208 
0.000600 60.000000 4.417376 
0.000700 60.000000 4.090806 
0.000800 60.000000 3.822622 
0.000900 60.000000 3.596956 
0.001000 60.000000 3.403444 
0.002000 60.000000 2.310346 
0.003000 60.000000 1.799703 
0.004000 60.000000 1.487580 
0.005000 60.000000 1.271640 
0.006000 60.000000 1.111021 
0.007000 60.000000 0.985698 
0.008000 60.000000 0.884533 
0.009000 60.000000 0.800761 
0.010000 60.000000 0.730004 
0.020000 60.000000 0.353947 
0.030000 60.000000 0.197418 
0.040000 60.000000 0.110943 
0.050000 60.000000 0.056729 
0.060000 60.000000 0.020268 
0.070000 60.000000 -0.005318 
0.080000 60.000000 -0.023750 
0.090000 60.000000 -0.037231 
0.100000 60.000000 -0.047153 
0.200000 60.000000 -0.067146 
0.300000 60.000000 -0.050178 
0.400000 60.000000 -0.031676 
0.500000 60.000000 -0.017233 
0.600000 60.000000 -0.007455 
0.700000 60.000000 -0.001787 
0.800000 60.000000 0.000573 
0.900000 60.000000 0.000419 
0.999900 60.000000 -0.001533 
0.000010 70.000000 24.160437 
0.000020 70.000000 18.743996 
0.000030 70.000000 16.082857 
0.000040 70.000000 14.393299 
0.000050 70.000000 13.186666 
0.000060 70.000000 12.263792 
0.000070 70.000000 11.525405 
0.000080 70.000000 10.915437 
0.000090 70.000000 10.399378 
0.000100 70.000000 9.954608 
0.000200 70.000000 7.392309 
0.000300 70.000000 6.154237 
0.000400 70.000000 5.377698 
0.000500 70.000000 4.828599 
0.000600 70.000000 4.412199 
0.000700 70.000000 4.081548 
0.000800 70.000000 3.810263 
0.000900 70.000000 3.582176 
0.001000 70.000000 3.386735 
0.002000 70.000000 2.285790 
0.003000 70.000000 1.773748 
0.004000 70.000000 1.461729 
0.005000 70.000000 1.246387 
0.006000 70.000000 1.086538 
0.007000 70.000000 0.962038 
0.008000 70.000000 0.861696 
0.009000 70.000000 0.778725 
0.010000 70.000000 0.708737 
0.020000 70.000000 0.338597 
0.030000 70.000000 0.185857 
0.040000 70.000000 0.102051 
0.050000 70.000000 0.049838 
0.060000 70.000000 0.014937 
0.070000 70.000000 -0.009399 
0.080000 70.000000 -0.026812 
0.090000 70.000000 -0.039449 
0.100000 70.000000 -0.048667 
0.200000 70.000000 -0.065510 
0.300000 70.000000 -0.048151 
0.400000 70.000000 -0.030020 
0.500000 70.000000 -0.016129 
0.600000 70.000000 -0.006864 
0.700000 70.000000 -0.001578 
0.800000 70.000000 0.000568 
0.900000 70.000000 0.000380 
0.999900 70.000000 -0.001429 
0.000010 80.000000 24.564844 
0.000020 80.000000 19.012685 
0.000030 80.000000 16.289049 
0.000040 80.000000 14.561629 
0.000050 80.000000 13.328969 
0.000060 80.000000 12.386834 
0.000070 80.000000 11.633479 
0.000080 80.000000 11.011468 
0.000090 80.000000 10.485466 
0.000100 80.000000 10.032316 
0.000200 80.000000 7.425761 
0.000300 80.000000 6.169304 
0.000400 80.000000 5.382501 
0.000500 80.000000 4.826839 
0.000600 80.000000 4.405897 
0.000700 80.000000 4.071936 
0.000800 80.000000 3.798147 
0.000900 80.000000 3.568118 
0.001000 80.000000 3.371139 
0.002000 80.000000 2.264127 
0.003000 80.000000 1.751196 
0.004000 80.000000 1.439456 
0.005000 80.000000 1.224752 
0.006000 80.000000 1.065656 
0.007000 80.000000 0.941930 
0.008000 80.000000 0.842346 
0.009000 80.000000 0.760103 
0.010000 80.000000 0.690806 
0.020000 80.000000 0.325850 
0.030000 80.000000 0.176346 
0.040000 80.000000 0.094792 
0.050000 80.000000 0.044252 
0.060000 80.000000 0.010650 
0.070000 80.000000 -0.012650 
0.080000 80.000000 -0.029220 
0.090000 80.000000 -0.041162 
0.100000 80.000000 -0.049801 
0.200000 80.000000 -0.064100 
0.300000 80.000000 -0.046470 
0.400000 80.000000 -0.028675 
0.500000 80.000000 -0.015249 
0.600000 80.000000 -0.006401 
0.700000 80.000000 -0.001416 
0.800000 80.000000 0.000566 
0.900000 80.000000 0.000353 
0.999900 80.000000 -0.001352 
0.000010 90.000000 24.914179 
0.000020 90.000000 19.243246 
0.000030 90.000000 16.465099 
0.000040 90.000000 14.704734 
0.000050 90.000000 13.449475 
0.000060 90.000000 12.490644 
0.000070 90.000000 11.724336 
0.000080 90.000000 11.091920 
0.000090 90.000000 10.557336 
0.000100 90.000000 10.096966 
0.000200 90.000000 7.452458 
0.000300 90.000000 6.180371 
0.000400 90.000000 5.384902 
0.000500 90.000000 4.823730 
0.000600 90.000000 4.398996 
0.000700 90.000000 4.062284 
0.000800 90.000000 3.786429 
0.000900 90.000000 3.554804 
0.001000 90.000000 3.356568 
0.002000 90.000000 2.244756 
0.003000 90.000000 1.731281 
0.004000 90.000000 1.419923 
0.005000 90.000000 1.205871 
0.006000 90.000000 1.047498 
0.007000 90.000000 0.924498 
0.008000 90.000000 0.825614 
0.009000 90.000000 0.744036 
0.010000 90.000000 0.675366 
0.020000 90.000000 0.315013 
0.030000 90.000000 0.168326 
0.040000 90.000000 0.088711 
0.050000 90.000000 0.039605 
0.060000 90.000000 0.007109 
0.070000 90.000000 -0.015312 
0.080000 90.000000 -0.031169 
0.090000 90.000000 -0.042525 
0.100000 90.000000 -0.050676 
0.200000 90.000000 -0.062866 
0.300000 90.000000 -0.045043 
0.400000 90.000000 -0.027553 
0.500000 90.000000 -0.014526 
0.600000 90.000000 -0.006025 
0.700000 90.000000 -0.001286 
0.800000 90.000000 0.000566 
0.900000 90.000000 0.000334 
0.999900 90.000000 -0.001291 
0.000010 100.000000 25.220629 
0.000020 100.000000 19.444286 
0.000030 100.000000 16.617909 
0.000040 100.000000 14.828462 
0.000050 100.000000 13.553289 
0.000060 100.000000 12.579770 
0.000070 100.000000 11.802083 
0.000080 100.000000 11.160536 
0.000090 100.000000 10.618434 
0.000100 100.000000 10.151743 
0.000200 100.000000 7.474155 
0.000300 100.000000 6.188552 
0.000400 100.000000 5.385634 
0.000500 100.000000 4.819753 
0.000600 100.000000 4.391793 
0.000700 100.000000 4.052756 
0.000800 100.000000 3.775161 
0.000900 100.000000 3.542200 
0.001000 100.000000 3.342919 
0.002000 100.000000 2.227244 
0.003000 100.000000 1.713469 
0.004000 100.000000 1.402556 
0.005000 100.000000 1.189152 
0.006000 100.000000 1.031471 
0.007000 100.000000 0.909150 
0.008000 100.000000 0.810914 
0.009000 100.000000 0.729947 
0.010000 100.000000 0.661850 
0.020000 100.000000 0.305632 
0.030000 100.000000 0.161432 
0.040000 100.000000 0.083516 
0.050000 100.000000 0.035658 
0.060000 100.000000 0.004122 
0.070000 100.000000 -0.017539 
0.080000 100.000000 -0.032782 
0.090000 100.000000 -0.043633 
0.100000 100.000000 -0.051367 
0.200000 100.000000 -0.061772 
0.300000 100.000000 -0.043811 
0.400000 100.000000 -0.026598 
0.500000 100.000000 -0.013917 
0.600000 100.000000 -0.005713 
0.700000 100.000000 -0.001179 
0.800000 100.000000 0.000567 
0.900000 100.000000 0.000319 
0.999900 100.000000 -0.001242 
0.000010 200.000000 27.086289 
0.000020 200.000000 20.640940 
0.000030 200.000000 17.512214 
0.000040 200.000000 15.541982 
0.000050 200.000000 14.143837 
0.000060 200.000000 13.080117 
0.000070 200.000000 12.232886 
0.000080 200.000000 11.535787 
0.000090 200.000000 10.948110 
0.000100 200.000000 10.443251 
0.000200 200.000000 7.568739 
0.000300 200.000000 6.204817 
0.000400 200.000000 5.359740 
0.000500 200.000000 4.767795 
0.000600 200.000000 4.322385 
0.000700 200.000000 3.971050 
0.000800 200.000000 3.684482 
0.000900 200.000000 3.444811 
0.001000 200.000000 3.240424 
0.002000 200.000000 2.109021 
0.003000 200.000000 1.597318 
0.004000 200.000000 1.291510 
0.005000 200.000000 1.083672 
0.006000 200.000000 0.931371 
0.007000 200.000000 0.814072 
0.008000 200.000000 0.720472 
0.009000 200.000000 0.643772 
0.010000 200.000000 0.579609 
0.020000 200.000000 0.250547 
0.030000 200.000000 0.121966 
0.040000 200.000000 0.054456 
0.050000 200.000000 0.014102 
0.060000 200.000000 -0.011756 
0.070000 200.000000 -0.028985 
0.080000 200.000000 -0.040692 
0.090000 200.000000 -0.048680 
0.100000 200.000000 -0.054070 
0.200000 200.000000 -0.054992 
0.300000 200.000000 -0.036690 
0.400000 200.000000 -0.021244 
0.500000 200.000000 -0.010592 
0.600000 200.000000 -0.004065 
0.700000 200.000000 -0.000667 
0.800000 200.000000 0.000510 
0.900000 200.000000 0.000217 
0.999900 200.000000 -0.000941 
0.000010 300.000000 28.051779 
0.000020 300.000000 21.238598 
0.000030 300.000000 17.946771 
0.000040 300.000000 15.880274 
0.000050 300.000000 14.417292 
0.000060 300.000000 13.306397 
0.000070 300.000000 12.423047 
0.000080 300.000000 11.697270 
0.000090 300.000000 11.086198 
0.000100 300.000000 10.561845 
0.000200 300.000000 7.588762 
0.000300 300.000000 6.187213 
0.000400 300.000000 5.322668 
0.000500 300.000000 4.719180 
0.000600 300.000000 4.266386 
0.000700 300.000000 3.910106 
0.000800 300.000000 3.620134 
0.000900 300.000000 3.378086 
0.001000 300.000000 3.172034 
0.002000 300.000000 2.038571 
0.003000 300.000000 1.530964 
0.004000 300.000000 1.229611 
0.005000 300.000000 1.025860 
0.006000 300.000000 0.877199 
0.007000 300.000000 0.763137 
0.008000 300.000000 0.672428 
0.009000 300.000000 0.598329 
0.010000 300.000000 0.536520 
0.020000 300.000000 0.222982 
0.030000 300.000000 0.102935 
0.040000 300.000000 0.040958 
0.050000 300.000000 0.004497 
0.060000 300.000000 -0.018487 
0.070000 300.000000 -0.033526 
0.080000 300.000000 -0.043526 
0.090000 300.000000 -0.050165 
0.100000 300.000000 -0.054476 
0.200000 300.000000 -0.051445 
0.300000 300.000000 -0.033239 
0.400000 300.000000 -0.018694 
0.500000 300.000000 -0.009019 
0.600000 300.000000 -0.003314 
0.700000 300.000000 -0.000494 
0.800000 300.000000 0.000390 
0.900000 300.000000 0.000110 
0.999900 300.000000 -0.000715 
0.000010 400.000000 28.680088 
0.000020 400.000000 21.617729 
0.000030 400.000000 18.216733 
0.000040 400.000000 16.086349 
0.000050 400.000000 14.580630 
0.000060 400.000000 13.438815 
0.000070 400.000000 12.531909 
0.000080 400.000000 11.787514 
0.000090 400.000000 11.161317 
0.000100 400.000000 10.624410 
0.000200 400.000000 7.588808 
0.000300 400.000000 6.164144 
0.000400 400.000000 5.288014 
0.000500 400.000000 4.677894 
0.000600 400.000000 4.221029 
0.000700 400.000000 3.862158 
0.000800 400.000000 3.570512 
0.000900 400.000000 3.327392 
0.001000 400.000000 3.120678 
0.002000 400.000000 1.988467 
0.003000 400.000000 1.484810 
0.004000 400.000000 1.187134 
0.005000 400.000000 0.986564 
0.006000 400.000000 0.840649 
0.007000 400.000000 0.728976 
0.008000 400.000000 0.640369 
0.009000 400.000000 0.568139 
0.010000 400.000000 0.508006 
0.020000 400.000000 0.205247 
0.030000 400.000000 0.090964 
0.040000 400.000000 0.032663 
0.050000 400.000000 -0.001248 
0.060000 400.000000 -0.022375 
0.070000 400.000000 -0.036016 
0.080000 400.000000 -0.044943 
0.090000 400.000000 -0.050745 
0.100000 400.000000 -0.054395 
0.200000 400.000000 -0.049098 
0.300000 400.000000 -0.031051 
0.400000 400.000000 -0.017096 
0.500000 400.000000 -0.008039 
0.600000 400.000000 -0.002858 
0.700000 400.000000 -0.000411 
0.800000 400.000000 0.000284 
0.900000 400.000000 0.000025 
0.999900 400.000000 -0.000544 
0.000010 500.000000 29.135575 
0.000020 500.000000 21.886940 
0.000030 500.000000 18.404992 
0.000040 500.000000 16.227523 
0.000050 500.000000 14.690472 
0.000060 500.000000 13.526096 
0.000070 500.000000 12.602076 
0.000080 500.000000 11.844208 
0.000090 500.000000 11.207107 
0.000100 500.000000 10.661182 
0.000200 500.000000 7.581316 
0.000300 500.000000 6.140772 
0.000400 500.000000 5.256914 
0.000500 500.000000 4.642515 
0.000600 500.000000 4.183129 
0.000700 500.000000 3.822737 
0.000800 500.000000 3.530183 
0.000900 500.000000 3.286550 
0.001000 500.000000 3.079587 
0.002000 500.000000 1.949669 
0.003000 500.000000 1.449562 
0.004000 500.000000 1.154981 
0.005000 500.000000 0.957017 
0.006000 500.000000 0.813312 
0.007000 500.000000 0.703541 
0.008000 500.000000 0.616593 
0.009000 500.000000 0.545827 
0.010000 500.000000 0.486999 
0.020000 500.000000 0.192467 
0.030000 500.000000 0.082473 
0.040000 500.000000 0.026868 
0.050000 500.000000 -0.005193 
0.060000 500.000000 -0.024981 
0.070000 500.000000 -0.037623 
0.080000 500.000000 -0.045786 
0.090000 500.000000 -0.050995 
0.100000 500.000000 -0.054181 
0.200000 500.000000 -0.047347 
0.300000 500.000000 -0.029474 
0.400000 500.000000 -0.015973 
0.500000 500.000000 -0.007368 
0.600000 500.000000 -0.002555 
0.700000 500.000000 -0.000361 
0.800000 500.000000 0.000211 
0.900000 500.000000 -0.000028 
0.999900 500.000000 -0.000427 
0.000010 600.000000 29.487491 
0.000020 600.000000 22.091280 
0.000030 600.000000 18.545571 
0.000040 600.000000 16.331193 
0.000050 600.000000 14.769685 
0.000060 600.000000 13.587769 
0.000070 600.000000 12.650494 
0.000080 600.000000 11.882231 
0.000090 600.000000 11.236745 
0.000100 600.000000 10.683911 
0.000200 600.000000 7.570594 
0.000300 600.000000 6.118397 
0.000400 600.000000 5.229031 
0.000500 600.000000 4.611683 
0.000600 600.000000 4.150633 
0.000700 600.000000 3.789298 
0.000800 600.000000 3.496238 
0.000900 600.000000 3.252375 
0.001000 600.000000 3.045365 
0.002000 600.000000 1.918067 
0.003000 600.000000 1.421127 
0.004000 600.000000 1.129208 
0.005000 600.000000 0.933451 
0.006000 600.000000 0.791600 
0.007000 600.000000 0.683414 
0.008000 600.000000 0.597841 
0.009000 600.000000 0.528281 
0.010000 600.000000 0.470524 
0.020000 600.000000 0.182632 
0.030000 600.000000 0.076016 
0.040000 600.000000 0.022504 
0.050000 600.000000 -0.008129 
0.060000 600.000000 -0.026891 
0.070000 600.000000 -0.038767 
0.080000 600.000000 -0.046346 
0.090000 600.000000 -0.051102 
0.100000 600.000000 -0.053933 
0.200000 600.000000 -0.045947 
0.300000 600.000000 -0.028252 
0.400000 600.000000 -0.015132 
0.500000 600.000000 -0.006884 
0.600000 600.000000 -0.002343 
0.700000 600.000000 -0.000324 
0.800000 600.000000 0.000170 
0.900000 600.000000 -0.000055 
0.999900 600.000000 -0.000355 
0.000010 700.000000 29.771109 
0.000020 700.000000 22.253401 
0.000030 700.000000 18.655439 
0.000040 700.000000 16.410927 
0.000050 700.000000 14.829525 
0.000060 700.000000 13.633392 
0.000070 700.000000 12.685410 
0.000080 700.000000 11.908777 
0.000090 700.000000 11.256562 
0.000100 700.000000 10.698199 
0.000200 700.000000 7.558472 
0.000300 700.000000 6.097335 
0.000400 700.000000 5.203864 
0.000500 700.000000 4.584395 
0.000600 700.000000 4.122206 
0.000700 700.000000 3.760275 
0.000800 700.000000 3.466942 
0.000900 700.000000 3.223009 
0.001000 700.000000 3.016060 
0.002000 700.000000 1.891447 
0.003000 700.000000 1.397345 
0.004000 700.000000 1.107759 
0.005000 700.000000 0.913916 
0.006000 700.000000 0.773665 
0.007000 700.000000 0.666839 
0.008000 700.000000 0.582441 
0.009000 700.000000 0.513909 
0.010000 700.000000 0.457061 
0.020000 700.000000 0.174726 
0.030000 700.000000 0.070874 
0.040000 700.000000 0.019055 
0.050000 700.000000 -0.010433 
0.060000 700.000000 -0.028372 
0.070000 700.000000 -0.039635 
0.080000 700.000000 -0.046746 
0.090000 700.000000 -0.051138 
0.100000 700.000000 -0.053684 
0.200000 700.000000 -0.044778 
0.300000 700.000000 -0.027258 
0.400000 700.000000 -0.014474 
0.500000 700.000000 -0.006522 
0.600000 700.000000 -0.002191 
0.700000 700.000000 -0.000294 
0.800000 700.000000 0.000153 
0.900000 700.000000 -0.000063 
0.999900 700.000000 -0.000315 
0.000010 800.000000 30.006668 
0.000020 800.000000 22.386160 
0.000030 800.000000 18.744154 
0.000040 800.000000 16.474326 
0.000050 800.000000 14.876262 
0.000060 800.000000 13.668258 
0.000070 800.000000 12.711363 
0.000080 800.000000 11.927783 
0.000090 800.000000 11.270001 
0.000100 800.000000 10.707076 
0.000200 800.000000 7.545824 
0.000300 800.000000 6.077601 
0.000400 800.000000 5.180971 
0.000500 800.000000 4.559930 
0.000600 800.000000 4.096943 
0.000700 800.000000 3.734638 
0.000800 800.000000 3.441178 
0.000900 800.000000 3.197272 
0.001000 800.000000 2.990446 
0.002000 800.000000 1.868478 
0.003000 800.000000 1.376942 
0.004000 800.000000 1.089431 
0.005000 800.000000 0.897279 
0.006000 800.000000 0.758434 
0.007000 800.000000 0.652800 
0.008000 800.000000 0.569428 
0.009000 800.000000 0.501791 
0.010000 800.000000 0.445733 
0.020000 800.000000 0.168167 
0.030000 800.000000 0.066642 
0.040000 800.000000 0.016232 
0.050000 800.000000 -0.012307 
0.060000 800.000000 -0.029565 
0.070000 800.000000 -0.040322 
0.080000 800.000000 -0.047045 
0.090000 800.000000 -0.051136 
0.100000 800.000000 -0.053444 
0.200000 800.000000 -0.043775 
0.300000 800.000000 -0.026425 
0.400000 800.000000 -0.013943 
0.500000 800.000000 -0.006243 
0.600000 800.000000 -0.002078 
0.700000 800.000000 -0.000267 
0.800000 800.000000 0.000154 
0.900000 800.000000 -0.000057 
0.999900 800.000000 -0.000298 
0.000010 900.000000 30.206777 
0.000020 900.000000 22.497487 
0.000030 900.000000 18.817573 
0.000040 900.000000 16.526017 
0.000050 900.000000 14.913692 
0.000060 900.000000 13.695555 
0.000070 900.000000 12.731073 
0.000080 900.000000 11.941596 
0.000090 900.000000 11.279099 
0.000100 900.000000 10.712323 
0.000200 900.000000 7.533096 
0.000300 900.000000 6.059111 
0.000400 900.000000 5.159989 
0.000500 900.000000 4.537758 
0.000600 900.000000 4.074208 
0.000700 900.000000 3.711677 
0.000800 900.000000 3.418186 
0.000900 900.000000 3.174366 
0.001000 900.000000 2.967700 
0.002000 900.000000 1.848300 
0.003000 900.000000 1.359103 
0.004000 900.000000 1.073460 
0.005000 900.000000 0.882822 
0.006000 900.000000 0.745232 
0.007000 900.000000 0.640658 
0.008000 900.000000 0.558196 
0.009000 900.000000 0.491352 
0.010000 900.000000 0.435991 
0.020000 900.000000 0.162596 
0.030000 900.000000 0.063073 
0.040000 900.000000 0.013864 
0.050000 900.000000 -0.013871 
0.060000 900.000000 -0.030554 
0.070000 900.000000 -0.040881 
0.080000 900.000000 -0.047275 
0.090000 900.000000 -0.051109 
0.100000 900.000000 -0.053216 
0.200000 900.000000 -0.042898 
0.300000 900.000000 -0.025710 
0.400000 900.000000 -0.013502 
0.500000 900.000000 -0.006023 
0.600000 900.000000 -0.001993 
0.700000 900.000000 -0.000242 
0.800000 900.000000 0.000165 
0.900000 900.000000 -0.000043 
0.999900 900.000000 -0.000297 
0.000010 1000.000000 30.379783 
0.000020 1000.000000 22.592586 
0.000030 1000.000000 18.879511 
0.000040 1000.000000 16.568998 
0.000050 1000.000000 14.944262 
0.000060 1000.000000 13.717328 
0.000070 1000.000000 12.746275 
0.000080 1000.000000 11.951702 
0.000090 1000.000000 11.285141 
0.000100 1000.000000 10.715052 
0.000200 1000.000000 7.520525 
0.000300 1000.000000 6.041758 
0.000400 1000.000000 5.140630 
0.000500 1000.000000 4.517483 
0.000600 1000.000000 4.053536 
0.000700 1000.000000 3.690882 
0.000800 1000.000000 3.397425 
0.000900 1000.000000 3.153731 
0.001000 1000.000000 2.947248 
0.002000 1000.000000 1.830323 
0.003000 1000.000000 1.343276 
0.004000 1000.000000 1.059332 
0.005000 1000.000000 0.870064 
0.006000 1000.000000 0.733606 
0.007000 1000.000000 0.629986 
0.008000 1000.000000 0.548341 
0.009000 1000.000000 0.482207 
0.010000 1000.000000 0.427470 
0.020000 1000.000000 0.157774 
0.030000 1000.000000 0.060004 
0.040000 1000.000000 0.011836 
0.050000 1000.000000 -0.015203 
0.060000 1000.000000 -0.031390 
0.070000 1000.000000 -0.041346 
0.080000 1000.000000 -0.047456 
0.090000 1000.000000 -0.051068 
0.100000 1000.000000 -0.052998 
0.200000 1000.000000 -0.042120 
0.300000 1000.000000 -0.025088 
0.400000 1000.000000 -0.013129 
0.500000 1000.000000 -0.005845 
0.600000 1000.000000 -0.001927 
0.700000 1000.000000 -0.000220 
0.800000 1000.000000 0.000183 
0.900000 1000.000000 -0.000024 
0.999900 1000.000000 -0.000305 
0.000010 2000.000000 31.383204 
0.000020 2000.000000 23.118953 
0.000030 2000.000000 19.205690 
0.000040 2000.000000 16.781923 
0.000050 2000.000000 15.083702 
0.000060 2000.000000 13.805113 
0.000070 2000.000000 12.795775 
0.000080 2000.000000 11.971740 
0.000090 2000.000000 11.281858 
0.000100 2000.000000 10.692900 
0.000200 2000.000000 7.414078 
0.000300 2000.000000 5.911307 
0.000400 2000.000000 5.001420 
0.000500 2000.000000 4.375239 
0.000600 2000.000000 3.910841 
0.000700 2000.000000 3.549025 
0.000800 2000.000000 3.257082 
0.000900 2000.000000 3.015263 
0.001000 2000.000000 2.810840 
0.002000 2000.000000 1.714282 
0.003000 2000.000000 1.242689 
0.004000 2000.000000 0.970463 
0.005000 2000.000000 0.790440 
0.006000 2000.000000 0.661510 
0.007000 2000.000000 0.564169 
0.008000 2000.000000 0.487862 
0.009000 2000.000000 0.426332 
0.010000 2000.000000 0.375615 
0.020000 2000.000000 0.129316 
0.030000 2000.000000 0.042313 
0.040000 2000.000000 0.000432 
0.050000 2000.000000 -0.022467 
0.060000 2000.000000 -0.035723 
0.070000 2000.000000 -0.043511 
0.080000 2000.000000 -0.047969 
0.090000 2000.000000 -0.050298 
0.100000 2000.000000 -0.051224 
0.200000 2000.000000 -0.037321 
0.300000 2000.000000 -0.021412 
0.400000 2000.000000 -0.011031 
0.500000 2000.000000 -0.004908 
0.600000 2000.000000 -0.001599 
0.700000 2000.000000 -0.000075 
0.800000 2000.000000 0.000350 
0.900000 2000.000000 0.000130 
0.999900 2000.000000 -0.000439 
0.000010 3000.000000 31.870236 
0.000020 3000.000000 23.354447 
0.000030 3000.000000 19.338537 
0.000040 3000.000000 16.857802 
0.000050 3000.000000 15.123151 
0.000060 3000.000000 13.819253 
0.000070 3000.000000 12.791348 
0.000080 3000.000000 11.953156 
0.000090 3000.000000 11.252164 
0.000100 3000.000000 10.654292 
0.000200 3000.000000 7.337170 
0.000300 3000.000000 5.824918 
0.000400 3000.000000 4.912577 
0.000500 3000.000000 4.286455 
0.000600 3000.000000 3.823166 
0.000700 3000.000000 3.462923 
0.000800 3000.000000 3.172748 
0.000900 3000.000000 2.932762 
0.001000 3000.000000 2.730171 
0.002000 3000.000000 1.648739 
0.003000 3000.000000 1.187218 
0.004000 3000.000000 0.922172 
0.005000 3000.000000 0.747595 
0.006000 3000.000000 0.622984 
0.007000 3000.000000 0.529179 
0.008000 3000.000000 0.455837 
0.009000 3000.000000 0.396840 
0.010000 3000.000000 0.348321 
0.020000 3000.000000 0.114704 
0.030000 3000.000000 0.033579 
0.040000 3000.000000 -0.004867 
0.050000 3000.000000 -0.025534 
0.060000 3000.000000 -0.037255 
0.070000 3000.000000 -0.043947 
0.080000 3000.000000 -0.047606 
0.090000 3000.000000 -0.049347 
0.100000 3000.000000 -0.049835 
0.200000 3000.000000 -0.034970 
0.300000 3000.000000 -0.019656 
0.400000 3000.000000 -0.009930 
0.500000 3000.000000 -0.004313 
0.600000 3000.000000 -0.001351 
0.700000 3000.000000 -0.000034 
0.800000 3000.000000 0.000303 
0.900000 3000.000000 0.000095 
0.999900 3000.000000 -0.000375 
0.000010 4000.000000 32.177023 
0.000020 4000.000000 23.493778 
0.000030 4000.000000 19.410945 
0.000040 4000.000000 16.893617 
0.000050 4000.000000 15.135819 
0.000060 4000.000000 13.815977 
0.000070 4000.000000 12.776456 
0.000080 4000.000000 11.929457 
0.000090 4000.000000 11.221591 
0.000100 4000.000000 10.618231 
0.000200 4000.000000 7.278047 
0.000300 4000.000000 5.760627 
0.000400 4000.000000 4.847429 
0.000500 4000.000000 4.221955 
0.000600 4000.000000 3.759915 
0.000700 4000.000000 3.401158 
0.000800 4000.000000 3.112547 
0.000900 4000.000000 2.874125 
0.001000 4000.000000 2.673059 
0.002000 4000.000000 1.603555 
0.003000 4000.000000 1.149537 
0.004000 4000.000000 0.889655 
0.005000 4000.000000 0.718900 
0.006000 4000.000000 0.597265 
0.007000 4000.000000 0.505865 
0.008000 4000.000000 0.434522 
0.009000 4000.000000 0.377224 
0.010000 4000.000000 0.330173 
0.020000 4000.000000 0.105055 
0.030000 4000.000000 0.027962 
0.040000 4000.000000 -0.008101 
0.050000 4000.000000 -0.027231 
0.060000 4000.000000 -0.037917 
0.070000 4000.000000 -0.043897 
0.080000 4000.000000 -0.047059 
0.090000 4000.000000 -0.048453 
0.100000 4000.000000 -0.048702 
0.200000 4000.000000 -0.033546 
0.300000 4000.000000 -0.018584 
0.400000 4000.000000 -0.009153 
0.500000 4000.000000 -0.003809 
0.600000 4000.000000 -0.001118 
0.700000 4000.000000 -0.000039 
0.800000 4000.000000 0.000156 
0.900000 4000.000000 -0.000021 
0.999900 4000.000000 -0.000207 
0.000010 5000.000000 32.395819 
0.000020 5000.000000 23.588203 
0.000030 5000.000000 19.456304 
0.000040 5000.000000 16.912426 
0.000050 5000.000000 15.137983 
0.000060 5000.000000 13.806760 
0.000070 5000.000000 12.759003 
0.000080 5000.000000 11.905801 
0.000090 5000.000000 11.193120 
0.000100 5000.000000 10.585937 
0.000200 5000.000000 7.230117 
0.000300 5000.000000 5.709591 
0.000400 5000.000000 4.796229 
0.000500 5000.000000 4.171585 
0.000600 5000.000000 3.710747 
0.000700 5000.000000 3.353321 
0.000800 5000.000000 3.066062 
0.000900 5000.000000 2.828966 
0.001000 5000.000000 2.629175 
0.002000 5000.000000 1.569350 
0.003000 5000.000000 1.121248 
0.004000 5000.000000 0.865370 
0.005000 5000.000000 0.697543 
0.006000 5000.000000 0.578168 
0.007000 5000.000000 0.488584 
0.008000 5000.000000 0.418744 
0.009000 5000.000000 0.362718 
0.010000 5000.000000 0.316764 
0.020000 5000.000000 0.097991 
0.030000 5000.000000 0.023924 
0.040000 5000.000000 -0.010348 
0.050000 5000.000000 -0.028331 
0.060000 5000.000000 -0.038253 
0.070000 5000.000000 -0.043717 
0.080000 5000.000000 -0.046530 
0.090000 5000.000000 -0.047688 
0.100000 5000.000000 -0.047781 
0.200000 5000.000000 -0.032544 
0.300000 5000.000000 -0.017825 
0.400000 5000.000000 -0.008563 
0.500000 5000.000000 -0.003401 
0.600000 5000.000000 -0.000926 
0.700000 5000.000000 -0.000059 
0.800000 5000.000000 0.000003 
0.900000 5000.000000 -0.000141 
0.999900 5000.000000 -0.000033 
0.000010 6000.000000 32.563796 
0.000020 6000.000000 23.657741 
0.000030 6000.000000 19.487257 
0.000040 6000.000000 16.922641 
0.000050 6000.000000 15.135282 
0.000060 6000.000000 13.795291 
0.000070 6000.000000 12.741231 
0.000080 6000.000000 11.883313 
0.000090 6000.000000 11.166999 
0.000100 6000.000000 10.556953 
0.000200 6000.000000 7.189821 
0.000300 6000.000000 5.667399 
0.000400 6000.000000 4.754259 
0.000500 6000.000000 4.130513 
0.000600 6000.000000 3.670801 
0.000700 6000.000000 3.314561 
0.000800 6000.000000 3.028479 
0.000900 6000.000000 2.792516 
0.001000 6000.000000 2.593806 
0.002000 6000.000000 1.541989 
0.003000 6000.000000 1.098704 
0.004000 6000.000000 0.846072 
0.005000 6000.000000 0.680614 
0.006000 6000.000000 0.563064 
0.007000 6000.000000 0.474944 
0.008000 6000.000000 0.406313 
0.009000 6000.000000 0.351311 
0.010000 6000.000000 0.306238 
0.020000 6000.000000 0.092524 
0.030000 6000.000000 0.020838 
0.040000 6000.000000 -0.012036 
0.050000 6000.000000 -0.029129 
0.060000 6000.000000 -0.038464 
0.070000 6000.000000 -0.043533 
0.080000 6000.000000 -0.046078 
0.090000 6000.000000 -0.047058 
0.100000 6000.000000 -0.047034 
0.200000 6000.000000 -0.031754 
0.300000 6000.000000 -0.017231 
0.400000 6000.000000 -0.008106 
0.500000 6000.000000 -0.003087 
0.600000 6000.000000 -0.000782 
0.700000 6000.000000 -0.000080 
0.800000 6000.000000 -0.000120 
0.900000 6000.000000 -0.000234 
0.999900 6000.000000 0.000107 
0.000010 7000.000000 32.699176 
0.000020 7000.000000 23.711936 
0.000030 7000.000000 19.509694 
0.000040 7000.000000 16.928073 
0.000050 7000.000000 15.130177 
0.000060 7000.000000 13.783074 
0.000070 7000.000000 12.723937 
0.000080 7000.000000 11.862248 
0.000090 7000.000000 11.143049 
0.000100 7000.000000 10.530748 
0.000200 7000.000000 7.155074 
0.000300 7000.000000 5.631536 
0.000400 7000.000000 4.718853 
0.000500 7000.000000 4.096024 
0.000600 7000.000000 3.637363 
0.000700 7000.000000 3.282187 
0.000800 7000.000000 2.997136 
0.000900 7000.000000 2.762155 
0.001000 7000.000000 2.564370 
0.002000 7000.000000 1.519287 
0.003000 7000.000000 1.080018 
0.004000 7000.000000 0.830099 
0.005000 7000.000000 0.666627 
0.006000 7000.000000 0.550612 
0.007000 7000.000000 0.463725 
0.008000 7000.000000 0.396113 
0.009000 7000.000000 0.341972 
0.010000 7000.000000 0.297641 
0.020000 7000.000000 0.088138 
0.030000 7000.000000 0.018386 
0.040000 7000.000000 -0.013372 
0.050000 7000.000000 -0.029761 
0.060000 7000.000000 -0.038630 
0.070000 7000.000000 -0.043383 
0.080000 7000.000000 -0.045714 
0.090000 7000.000000 -0.046548 
0.100000 7000.000000 -0.046426 
0.200000 7000.000000 -0.031082 
0.300000 7000.000000 -0.016735 
0.400000 7000.000000 -0.007748 
0.500000 7000.000000 -0.002859 
0.600000 7000.000000 -0.000685 
0.700000 7000.000000 -0.000097 
0.800000 7000.000000 -0.000203 
0.900000 7000.000000 -0.000292 
0.999900 7000.000000 0.000203 
0.000010 8000.000000 32.812065 
0.000020 8000.000000 23.755941 
0.000030 8000.000000 19.526730 
0.000040 8000.000000 16.930693 
0.000050 8000.000000 15.123898 
0.000060 8000.000000 13.770817 
0.000070 8000.000000 12.707438 
0.000080 8000.000000 11.842619 
0.000090 8000.000000 11.121046 
0.000100 8000.000000 10.506904 
0.000200 8000.000000 7.124565 
0.000300 8000.000000 5.600431 
0.000400 8000.000000 4.688348 
0.000500 8000.000000 4.066433 
0.000600 8000.000000 3.608750 
0.000700 8000.000000 3.254534 
0.000800 8000.000000 2.970397 
0.000900 8000.000000 2.736274 
0.001000 8000.000000 2.539294 
0.002000 8000.000000 1.499954 
0.003000 8000.000000 1.064097 
0.004000 8000.000000 0.816497 
0.005000 8000.000000 0.654733 
0.006000 8000.000000 0.540045 
0.007000 8000.000000 0.454227 
0.008000 8000.000000 0.387500 
0.009000 8000.000000 0.334107 
0.010000 8000.000000 0.290420 
0.020000 8000.000000 0.084526 
0.030000 8000.000000 0.016379 
0.040000 8000.000000 -0.014471 
0.050000 8000.000000 -0.030290 
0.060000 8000.000000 -0.038781 
0.070000 8000.000000 -0.043277 
0.080000 8000.000000 -0.045429 
0.090000 8000.000000 -0.046138 
0.100000 8000.000000 -0.045929 
0.200000 8000.000000 -0.030482 
0.300000 8000.000000 -0.016302 
0.400000 8000.000000 -0.007466 
0.500000 8000.000000 -0.002701 
0.600000 8000.000000 -0.000625 
0.700000 8000.000000 -0.000108 
0.800000 8000.000000 -0.000247 
0.900000 8000.000000 -0.000319 
0.999900 8000.000000 0.000256 
0.000010 9000.000000 32.908579 
0.000020 9000.000000 23.792785 
0.000030 9000.000000 19.540162 
0.000040 9000.000000 16.931614 
0.000050 9000.000000 15.117114 
0.000060 9000.000000 13.758879 
0.000070 9000.000000 12.691861 
0.000080 9000.000000 11.824374 
0.000090 9000.000000 11.100790 
0.000100 9000.000000 10.485102 
0.000200 9000.000000 7.097418 
0.000300 9000.000000 5.573037 
0.000400 9000.000000 4.661636 
0.000500 9000.000000 4.040614 
0.000600 9000.000000 3.583842 
0.000700 9000.000000 3.230499 
0.000800 9000.000000 2.947179 
0.000900 9000.000000 2.713816 
0.001000 9000.000000 2.517540 
0.002000 9000.000000 1.483167 
0.003000 9000.000000 1.050256 
0.004000 9000.000000 0.804673 
0.005000 9000.000000 0.644406 
0.006000 9000.000000 0.530888 
0.007000 9000.000000 0.446015 
0.008000 9000.000000 0.380072 
0.009000 9000.000000 0.327342 
0.010000 9000.000000 0.284224 
0.020000 9000.000000 0.081489 
0.030000 9000.000000 0.014701 
0.040000 9000.000000 -0.015399 
0.050000 9000.000000 -0.030750 
0.060000 9000.000000 -0.038931 
0.070000 9000.000000 -0.043211 
0.080000 9000.000000 -0.045209 
0.090000 9000.000000 -0.045807 
0.100000 9000.000000 -0.045517 
0.200000 9000.000000 -0.029933 
0.300000 9000.000000 -0.015916 
0.400000 9000.000000 -0.007244 
0.500000 9000.000000 -0.002598 
0.600000 9000.000000 -0.000596 
0.700000 9000.000000 -0.000113 
0.800000 9000.000000 -0.000259 
0.900000 9000.000000 -0.000321 
0.999900 9000.000000 0.000275 
0.000010 10000.000000 32.992664 
0.000020 10000.000000 23.824372 
0.000030 10000.000000 19.551091 
0.000040 10000.000000 16.931501 
0.000050 10000.000000 15.110209 
0.000060 10000.000000 13.747446 
0.000070 10000.000000 12.677244 
0.000080 10000.000000 11.807435 
0.000090 10000.000000 11.082111 
0.000100 10000.000000 10.465094 
0.000200 10000.000000 7.073016 
0.000300 10000.000000 5.548619 
0.000400 10000.000000 4.637942 
0.000500 10000.000000 4.017780 
0.000600 10000.000000 3.561857 
0.000700 10000.000000 3.209311 
0.000800 10000.000000 2.926727 
0.000900 10000.000000 2.694042 
0.001000 10000.000000 2.498392 
0.002000 10000.000000 1.468371 
0.003000 10000.000000 1.038038 
0.004000 10000.000000 0.794234 
0.005000 10000.000000 0.635299 
0.006000 10000.000000 0.522825 
0.007000 10000.000000 0.438799 
0.008000 10000.000000 0.373561 
0.009000 10000.000000 0.321427 
0.010000 10000.000000 0.278821 
0.020000 10000.000000 0.078890 
0.030000 10000.000000 0.013270 
0.040000 10000.000000 -0.016199 
0.050000 10000.000000 -0.031161 
0.060000 10000.000000 -0.039081 
0.070000 10000.000000 -0.043176 
0.080000 10000.000000 -0.045040 
0.090000 10000.000000 -0.045537 
0.100000 10000.000000 -0.045172 
0.200000 10000.000000 -0.029424 
0.300000 10000.000000 -0.015566 
0.400000 10000.000000 -0.007067 
0.500000 10000.000000 -0.002537 
0.600000 10000.000000 -0.000588 
0.700000 10000.000000 -0.000113 
0.800000 10000.000000 -0.000246 
0.900000 10000.000000 -0.000302 
0.999900 10000.000000 0.000265 
